76561197966302869
76561197966550761
76561197970341328
76561197972754505
76561197986181972
76561197991881520
76561197993252694
76561197998539718
76561198000347823
76561198001757747
76561198008328392
76561198008670277
76561198009521969
76561198025225220
76561198025833448
76561198026720176
76561198027021020
76561198029136533
76561198030165159
76561198030875912
76561198030978974
76561198041324190
76561198041531498
76561198042283501
76561198046747770
76561198049194520
76561198052784484
76561198054297529
76561198058030399
76561198067060720
76561198090593770
76561198101623903
76561198154865707
76561198177321286
76561198194927583
